9606
10090
10116
9913
8364
9823
9598
9615
7955
9544
31033
9986
13616
9796
9483
9601
9646
28377
61853
9785
9258
8128
10141
10029
9305
30611
9597
9555
39432
9685
9940
9595
8090
9733
127582
9708
73337
9361
106582
9978
42254
10160
51337
143302
9371
9669
10181
10036
8478
43179
79684
34839
9541
9925
303518
8083
109478
72004
8153
7897
38654
89462
59463
246437
419612
30538
9713
225400
185453
28737
9402
230844
8469
9755
310752
7994
176946
118797
9365
48698
1230840
60711
1868482
29078
244447
8081
9798
482537
29073
1026970
61622
885580
43346
8010
9837
9838
132908
9545
336983
9568
9531
37293
379532
30608
10020
52670
9793
48701
48699
32536
146911
9994
105023
9407
291302
1608454
307959
7998
2715852
9974
42514
61621
125878
8187
9691
8496
186990
109280
9915
8255
51338
43700
56723
103695
9880
38626
10089
10093
10047
29088
391180
9749
41447
591936
1841481
2587831
30732
9430
1706337
9565
286419
34884
9627
8154
7957
205130
9999
116960
8673
310915
8005
90247
1234273
30522
9704
29139
93162
32473
34886
210632
441366
89673
8167
64176
491861
10041
299321
40151
56716
173247
37032
586833
181472
375764
1415580
61383
1825980
63155
29144
9731
283035
35658
47969
81572
9515
36723
9720
54343
8084
42100
106734
76717
10117
59479
80427
54180
9739
260995
94885
61156
9715
8524
9711
38674
27622
51298
59472
9337
9771
143292
192404
9417
50954
451745
27675
1047088
27794
9261
95912
88082
260615
143291
59534
8407
8384
1608482
130825
111838
494514
